Branch:    2

  LnL0:    -73.310978932966890
Branch lengths: -0.0000000  0.0000000  0.0000000  0.0000000  0.0000000  0.0000000 -0.0000000
p0:  1.0000000  p1:  0.0000000  p2a:  0.0000000  p2b:  0.0000000
w0:  0.8470497  k:   1.3386350

  LnL1:    -73.310978932966563
Branch lengths:  0.0000000  0.0000000  0.0000000  0.0000000  0.0000000  0.0000000  0.0000000
p0:  0.7984913  p1:  0.0090418  p2a:  0.1903119  p2b:  0.0021550
w0:  0.1383250  k:   0.8538608  w2:   1.0481284


Branch:    4

  LnL0:    -73.310978932966847
Branch lengths:  0.0000000  0.0000000  0.0000000  0.0000000  0.0000000  0.0000000  0.0000000
p0:  0.9130863  p1:  0.0869137  p2a:  0.0000000  p2b:  0.0000000
w0:  0.0000010  k:   1.5698935

  LnL1:    -73.310978932966734
Branch lengths:  0.0000000  0.0000000  0.0000000  0.0000000  0.0000000  0.0000000  0.0000000
p0:  0.5067870  p1:  0.3270252  p2a:  0.1010082  p2b:  0.0651797
w0:  0.9724274  k:   1.1154364  w2:   1.1039664


